1915-01-01 0.0 1.03 -15.84 3.48
1915-01-02 0.225 -1.73 -13.35 3.73
1915-01-03 0.0 -2.99 -17.0 4.25
1915-01-04 0.55 -1.19 -11.3 3.91
1915-01-05 0.0 2.95 -5.26 3.31
1915-01-06 3.475 3.74 -4.45 3.7
1915-01-07 14.0 3.06 -5.12 4.11
1915-01-08 0.0 0.47 -11.94 3.96
1915-01-09 0.0 0.88 -11.52 3.99
1915-01-10 0.0 6.43 -8.97 4.28
1915-01-11 0.225 3.91 -5.4 3.77
1915-01-12 0.0 2.21 -1.93 3.96
1915-01-13 0.0 4.7 -6.02 3.93
1915-01-14 0.0 6.59 -4.82 3.79
1915-01-15 0.0 7.62 -6.88 3.83
1915-01-16 1.025 9.54 -5.43 3.78
1915-01-17 5.6 4.52 -3.94 3.96
1915-01-18 0.6 -1.53 -6.1 3.95
1915-01-19 1.725 -2.28 -10.31 3.89
1915-01-20 7.475 -2.29 -9.73 3.86
1915-01-21 1.1 -2.7 -15.33 4.15
1915-01-22 8.2 -3.81 -11.55 4.13
1915-01-23 7.625 -8.04 -18.63 4.25
1915-01-24 0.0 -6.39 -8.14 4.01
1915-01-25 0.0 -4.22 -13.61 4.11
1915-01-26 0.0 -0.44 -13.83 3.81
1915-01-27 0.0 -2.56 -15.69 4.25
1915-01-28 0.75 -9.39 -15.11 3.7
1915-01-29 0.0 -7.23 -13.5 3.93
1915-01-30 0.15 -0.39 -17.3 3.63
1915-01-31 12.025 5.96 -11.16 3.27
1915-02-01 7.925 0.95 -3.1 3.98
1915-02-02 5.275 -2.79 -6.06 3.2
1915-02-03 0.0 -2.59 -7.3 3.77
1915-02-04 0.0 1.34 -6.75 4.07
1915-02-05 2.75 2.95 -3.49 3.3
1915-02-06 0.0 -4.16 -7.87 3.2
1915-02-07 0.0 -7.4 -11.2 3.41
1915-02-08 0.0 -4.02 -11.8 3.36
1915-02-09 0.0 -1.62 -12.75 3.38
1915-02-10 0.0 1.05 -10.49 4.15
1915-02-11 0.0 7.87 -4.86 3.86
1915-02-12 0.4 6.19 0.07 3.78
1915-02-13 0.075 10.99 -0.53 3.98
1915-02-14 -3.475 13.52 4.78 3.6
1915-02-15 0.0 5.03 -0.31 4.01
1915-02-16 0.0 2.46 -5.87 4.01
1915-02-17 0.0 6.9 -6.87 3.45
1915-02-18 0.0 9.42 -3.5 3.58
1915-02-19 0.0 12.35 -3.17 3.83
1915-02-20 0.0 15.22 -1.19 3.71
1915-02-21 0.225 10.92 -0.27 3.84
1915-02-22 0.925 12.17 3.84 3.91
1915-02-23 23.275 12.82 5.26 3.59
1915-02-24 0.0 4.1 -0.29 3.78
1915-02-25 0.0 1.4 -0.91 3.79
1915-02-26 0.0 3.57 -4.94 3.75
1915-02-27 0.0 4.14 -6.87 3.66
1915-02-28 0.0 3.47 -6.75 3.35
1915-03-01 0.0 6.74 -8.05 3.85
1915-03-02 0.0 3.74 -5.65 3.81
1915-03-03 0.0 26.4 -72.2 3.71
1915-03-04 0.0 2.58 -5.77 3.95
1915-03-05 13.4 7.15 -2.42 3.9
1915-03-06 4.3 4.25 -1.12 3.75
1915-03-07 0.775 3.65 -2.49 3.79
1915-03-08 0.0 6.48 -2.59 3.72
1915-03-09 0.0 9.67 -6.05 3.72
1915-03-10 0.0 9.07 -4.71 3.39
1915-03-11 0.0 8.96 -3.15 3.7
1915-03-12 0.0 10.45 -5.57 3.55
1915-03-13 0.0 -2.89 13.03 3.53
1915-03-14 0.0 14.14 -3.18 3.72
1915-03-15 2.825 8.93 -0.09 3.56
1915-03-16 0.475 8.11 -0.52 3.28
1915-03-17 0.0 7.63 -6.23 3.29
1915-03-18 0.0 7.59 -2.81 3.21
1915-03-19 36.5 8.19 -0.92 3.53
1915-03-20 0.15 5.64 -3.22 3.5
1915-03-21 0.0 6.19 -2.68 3.96
1915-03-22 0.0 -2.55 5.43 3.73
1915-03-23 0.0 9.04 -1.25 3.27
1915-03-24 0.0 13.84 1.18 3.6
1915-03-25 4.075 10.56 2.48 3.39
1915-03-26 2.675 6.06 -3.01 3.5
1915-03-27 0.0 7.4 -6.83 3.32
1915-03-28 0.0 7.4 -3.55 3.4
1915-03-29 0.175 5.67 -82.6 3.43
1915-03-30 0.0 6.66 -7.97 3.16
1915-03-31 0.0 9.0 -7.71 3.27
1915-04-01 0.0 6.54 -5.2 3.68
1915-04-02 0.0 7.73 -3.76 3.78
1915-04-03 0.0 9.0 -3.57 3.78
1915-04-04 0.0 14.47 -6.18 39.9
1915-04-05 0.8 22.83 1.62 3.59
1915-04-06 0.0 24.28 3.81 3.79
1915-04-07 0.275 20.14 2.63 3.1
1915-04-08 0.0 25.13 5.52 3.39
1915-04-09 0.525 23.71 10.56 3.43
1915-04-10 10.4 18.52 11.14 2.91
1915-04-11 9.525 12.9 6.41 3.25
1915-04-12 1.9 8.65 4.06 3.75
1915-04-13 0.9 13.54 -3.9 3.41
1915-04-14 0.0 16.16 -0.56 3.14
1915-04-15 0.0 16.68 -0.15 3.21
1915-04-16 0.25 20.81 3.26 3.39
1915-04-17 0.0 20.39 1.14 3.25
1915-04-18 0.0 24.58 2.66 3.0
1915-04-19 0.0 27.87 9.07 3.07
1915-04-20 0.0 29.02 9.72 3.09
1915-04-21 0.225 21.4 12.17 3.02
1915-04-22 11.7 22.67 11.95 3.11
1915-04-23 8.625 28.68 14.11 2.79
1915-04-24 0.0 30.05 15.85 3.32
1915-04-25 0.0 30.46 14.13 3.2
1915-04-26 0.0 31.19 13.24 2.78
1915-04-27 0.0 29.27 16.85 3.0
1915-04-28 0.3 29.83 12.61 3.2
1915-04-29 0.0 24.6 10.85 2.93
1915-04-30 0.0 22.45 3.41 2.84
1915-05-01 0.0 19.68 2.38 3.0
1915-05-02 6.4 19.13 3.68 2.84
1915-05-03 2.275 26.86 9.05 2.52
1915-05-04 0.35 19.12 6.6 2.47
1915-05-05 0.5 17.51 3.41 2.71
1915-05-06 0.425 18.45 6.46 2.82
1915-05-07 93.25 16.57 7.06 2.73
1915-05-08 0.125 18.31 8.23 2.9
1915-05-09 0.475 15.3 7.21 3.04
1915-05-10 0.0 22.0 1.11 2.9
1915-05-11 0.0 23.93 4.9 2.88
1915-05-12 0.0 28.93 6.05 2.73
1915-05-13 0.0 28.43 9.38 2.52
1915-05-14 0.0 25.61 11.12 2.56
1915-05-15 0.0 28.25 11.29 2.32
1915-05-16 6.225 26.39 13.34 2.46
1915-05-17 0.025 16.82 4.48 2.43
1915-05-18 0.325 12.92 4.93 2.57
1915-05-19 0.5 13.95 3.98 -2.5
1915-05-20 4.4 22.98 6.54 2.25
1915-05-21 4.625 24.76 12.2 2.18
1915-05-22 0.0 22.5 9.39 2.5
1915-05-23 0.0 22.59 6.18 2.49
1915-05-24 2.35 24.01 12.09 2.3
1915-05-25 2.975 24.01 10.64 2.43
1915-05-26 12.225 18.06 13.18 2.45
1915-05-27 5.1 16.28 5.55 2.36
1915-05-28 12.4 17.83 8.26 2.24
1915-05-29 16.65 16.71 10.86 2.27
1915-05-30 5.05 17.72 8.75 2.35
1915-05-31 -0.225 21.08 10.1 2.51
1915-06-01 0.0 24.02 10.59 2.48
1915-06-02 2.2 23.29 12.93 2.38
1915-06-03 0.2 24.84 8.26 2.24
1915-06-04 0.0 25.52 10.86 2.15
1915-06-05 0.0 29.65 14.14 2.13
1915-06-06 0.6 30.4 16.2 2.21
1915-06-07 0.4 28.37 15.3 2.14
1915-06-08 0.0 21.45 6.98 2.28
1915-06-09 0.0 21.75 6.77 2.48
1915-06-10 0.0 24.5 4.24 2.24
1915-06-11 1.1 28.77 12.14 2.13
1915-06-12 0.0 31.13 13.39 2.21
1915-06-13 8.025 30.14 17.49 2.23
1915-06-14 4.025 26.35 11.0 2.17
1915-06-15 4.25 24.58 11.32 2.22
1915-06-16 0.0 26.72 12.7 2.14
1915-06-17 0.0 27.58 12.67 2.0
1915-06-18 12.475 27.86 15.91 1.95
1915-06-19 0.0 23.87 14.66 1.95
1915-06-20 3.325 24.83 15.34 1.88
1915-06-21 0.5 28.94 15.39 2.05
1915-06-22 0.0 26.85 12.12 2.01
1915-06-23 0.0 25.02 9.45 1.87
1915-06-24 0.0 26.87 9.34 2.08
1915-06-25 0.0 28.72 11.57 1.88
1915-06-26 0.0 30.69 12.91 1.94
1915-06-27 0.45 30.48 15.27 2.13
1915-06-28 0.0 30.71 15.06 1.97
1915-06-29 3.8 30.11 17.9 1.96
1915-06-30 6.875 30.86 15.62 2.01
1915-07-01 6.225 26.08 13.56 1.87
1915-07-02 6.175 29.65 13.2 1.96
1915-07-03 4.4 26.6 16.27 2.04
1915-07-04 4.825 25.98 13.1 2.15
1915-07-05 5.775 23.67 9.62 2.01
1915-07-06 0.0 27.63 11.12 1.76
1915-07-07 18.45 25.75 15.92 1.98
1915-07-08 36.875 24.81 15.36 1.95
1915-07-09 0.0 29.1 11.73 2.07
1915-07-10 2.325 29.04 14.98 1.85
1915-07-11 29.9 31.02 16.66 1.96
1915-07-12 0.0 30.23 17.29 1.9
1915-07-13 0.0 33.61 17.07 1.92
1915-07-14 0.0 33.39 18.49 2.03
1915-07-15 24.05 33.09 20.0 1.87
1915-07-16 0.0 33.25 21.3 1.73
1915-07-17 1.025 32.76 19.74 1.62
1915-07-18 4.925 32.73 18.56 1.79
1915-07-19 1.275 28.01 17.58 1.87
1915-07-20 1.3 27.35 16.34 1.89
1915-07-21 0.0 27.08 10.59 1.76
1915-07-22 0.0 28.05 10.59 1.76
1915-07-23 0.0 29.45 10.82 1.76
1915-07-24 0.0 27.27 13.89 1.75
1915-07-25 9.8 28.96 15.64 1.59
1915-07-26 5.975 27.49 15.1 1.61
1915-07-27 0.075 28.16 15.85 1.72
1915-07-28 0.625 27.38 18.27 1.77
1915-07-29 13.55 30.05 19.92 1.96
1915-07-30 6.725 31.15 19.54 1.67
1915-07-31 5.825 31.98 20.44 1.79
1915-08-01 0.85 32.24 20.15 1.5
1915-08-02 11.875 32.14 21.32 1.62
1915-08-03 14.775 29.18 20.42 1.74
1915-08-04 0.5 21.05 15.08 1.84
1915-08-05 0.975 19.7 13.95 1.76
1915-08-06 0.325 27.26 12.81 1.85
1915-08-07 0.0 30.94 14.84 1.77
1915-08-08 0.8 30.59 16.78 1.79
1915-08-09 0.025 30.85 16.57 1.84
1915-08-10 0.0 27.98 15.95 1.8
1915-08-11 23.7 -999 17.2 1.77
1915-08-12 6.6 21.43 17.12 1.71
1915-08-13 1.75 29.28 16.01 1.64
1915-08-14 1.95 27.42 17.65 1.57
1915-08-15 0.75 30.83 15.09 1.66
1915-08-16 0.125 32.47 16.69 1.72
1915-08-17 3.55 25.35 19.39 1.87
1915-08-18 0.0 25.0 12.17 1.77
1915-08-19 0.0 25.04 9.7 1.74
1915-08-20 9.525 21.36 13.65 2.01
1915-08-21 27.525 20.42 15.73 1.9
1915-08-22 4.5 28.44 11.54 1.78
1915-08-23 0.0 29.51 13.99 1.92
1915-08-24 0.0 27.63 17.44 1.83
1915-08-25 0.0 22.88 11.92 1.7
1915-08-26 0.0 23.71 11.04 1.69
1915-08-27 0.0 23.05 12.43 1.75
1915-08-28 0.0 25.92 9.1 1.75
1915-08-29 0.95 23.07 11.35 1.65
1915-08-30 0.475 20.4 8.95 1.87
1915-08-31 0.0 23.44 5.03 1.98
1915-09-01 0.0 18.23 0.76 1.87
1915-09-02 0.0 19.7 3.5 1.77
1915-09-03 0.0 27.66 11.74 1.96
1915-09-04 0.0 28.14 14.61 1.86
1915-09-05 14.075 24.22 16.1 1.87
1915-09-06 0.3 24.9 14.82 1.86
1915-09-07 2.025 28.14 12.35 1.83
1915-09-08 0.325 32.51 17.46 1.86
1915-09-09 0.0 29.07 15.17 1.86
1915-09-10 0.0 30.95 15.97 1.94
1915-09-11 6.425 30.78 14.88 2.1
1915-09-12 0.0 33.22 19.43 2.21
1915-09-13 0.0 32.51 19.94 2.13
1915-09-14 1.925 33.55 20.72 1.99
1915-09-15 0.025 31.63 20.24 2.03
1915-09-16 11.975 31.32 17.28 1.9
1915-09-17 4.875 26.39 18.28 2.11
1915-09-18 12.75 25.3 17.12 2.13
1915-09-19 279 28.86 14.33 2.18
1915-09-20 0.125 25.83 13.99 2.11
1915-09-21 1.1 18.88 5.07 2.26
1915-09-22 0.0 22.1 2.86 2.45
1915-09-23 0.0 23.02 6.54 2.36
1915-09-24 0.0 24.31 9.12 2.31
1915-09-25 0.0 27.32 11.77 2.16
1915-09-26 0.275 27.67 12.42 2.28
1915-09-27 27.8 17.0 6.91 2.27
1915-09-28 0.425 20.08 6.95 2.25
1915-09-29 0.0 18.74 3.68 2.22
1915-09-30 0.0 18.36 3.75 2.32
1915-10-01 2.675 18.58 7.98 2.39
1915-10-02 3.25 22.77 4.27 2.46
1915-10-03 0.0 26.8 7.9 2.5
1915-10-04 0.45 22.16 10.25 2.47
1915-10-05 0.075 13.27 2.71 2.48
1915-10-06 0.0 16.53 -1.32 2.64
1915-10-07 0.0 1.283 2.44 2.7
1915-10-08 0.0 8.27 -1.68 2.75
1915-10-09 0.0 11.26 -3.08 2.51
1915-10-10 0.0 16.82 -2.82 2.38
1915-10-11 0.0 21.63 5.27 2.7
1915-10-12 0.0 22.71 7.33 2.45
1915-10-13 7.425 20.97 10.64 2.34
1915-10-14 1.95 18.11 9.78 2.64
1915-10-15 0.025 15.82 6.9 2.74
1915-10-16 0.0 22.17 11.12 2.84
1915-10-17 0.0 24.25 10.89 2.58
1915-10-18 8.825 21.0 11.1 2.73
1915-10-19 0.0 21.21 9.07 2.57
1915-10-20 0.0 25.57 7.04 2.7
1915-10-21 0.0 20.39 2.91 2.68
1915-10-22 0.0 21.61 0.54 2.73
1915-10-23 0.0 23.84 1.62 3.05
1915-10-24 0.0 21.34 3.32 3.0
1915-10-25 0.0 20.75 5.15 2.86
1915-10-26 0.0 19.47 3.39 2.57
1915-10-27 0.0 20.61 -0.78 2.65
1915-10-28 0.0 24.2 5.42 2.92
1915-10-29 0.0 19.59 1.06 2.74
1915-10-30 0.0 20.49 -0.9 2.81
1915-10-31 0.0 24.12 3.12 3.11
1915-11-01 0.0 22.98 5.45 3.09
1915-11-02 0.0 16.2 3.98 3.26
1915-11-03 0.0 14.35 -3.42 3.11
1915-11-04 0.35 194.8 3.61 3.22
1915-11-05 0.0 15.53 0.52 3.35
1915-11-06 0.0 23.15 2.89 3.11
1915-11-07 0.0 25.94 8.74 2.78
1915-11-08 0.05 23.17 10.46 3.08
1915-11-09 0.0 14.19 -0.86 3.42
1915-11-10 0.0 18.06 0.23 3.73
1915-11-11 7.55 18.62 7.06 3.08
1915-11-12 15.725 14.6 -0.87 3.2
1915-11-13 0.0 14.34 -3.93 3.34
1915-11-14 0.0 11.08 -2.74 3.34
1915-11-15 0.3 5.46 -7.4 3.76
1915-11-16 0.45 10.13 -5.67 3.74
1915-11-17 0.0 12.39 -6.45 3.31
1915-11-18 9.375 8.21 -0.85 3.22
1915-11-19 15.95 4.89 -0.43 3.38
1915-11-20 2.65 8.93 -1.99 3.93
1915-11-21 0.0 4.72 -3.17 3.6
1915-11-22 0.0 1.92 -8.96 3.23
1915-11-23 0.2 4.8 -4.03 3.48
1915-11-24 0.0 13.16 -4.35 2.99
1915-11-25 0.0 19.06 2.2 3.47
1915-11-26 0.0 16.42 9.18 4.01
1915-11-27 3.475 10.27 1.15 4.05
1915-11-28 0.375 7.2 0.03 3.97
1915-11-29 3.625 1.66 -6.7 3.73
1915-11-30 0.0 2.14 -9.85 3.67
1915-12-01 0.175 5.98 -5.47 3.7
1915-12-02 0.075 2.88 -7.25 3.73
1915-12-03 0.0 6.06 -5.95 3.85
1915-12-04 0.0 3.76 -7.07 3.8
1915-12-05 0.0 5.13 -4.98 3.78
1915-12-06 0.0 2.94 -8.66 4.05
1915-12-07 0.0 5.09 -7.84 3.68
1915-12-08 0.0 5.93 -1.75 3.41
1915-12-09 0.0 2.88 -1.04 3.35
1915-12-10 0.0 2.93 -5.02 3.39
1915-12-11 5.1 0.63 -5.04 3.7
1915-12-12 5.075 1.17 -2.83 3.49
1915-12-13 1.225 1.08 -4.39 3.5
1915-12-14 0.0 -2.61 -12.34 3.59
1915-12-15 0.0 -2.14 -11.14 3.92
1915-12-16 7.475 1.7 -7.09 3.7
1915-12-17 4.85 3.17 -2.73 3.48
1915-12-18 0.0 -0.87 -7.34 3.54
1915-12-19 0.0 -2.95 -8.75 3.72
1915-12-20 0.0 2.58 -9.58 3.68
1915-12-21 0.0 6.18 -8.36 3.82
1915-12-22 0.0 7.66 -4.79 3.9
1915-12-23 0.125 30.29 -5.52 4.26
1915-12-24 2.35 -2.7 -6.19 3.96
1915-12-25 19.75 -3.31 -7.12 3.55
1915-12-26 0.0 -1.51 -9.83 3.5
1915-12-27 2.55 -3.96 -10.2 3.55
1915-12-28 10.375 -4.8 -13.47 3.29
1915-12-29 1.275 -3.86 -13.82 3.5
1915-12-30 0.0 -2.86 -6.96 3.44
1915-12-31 0.0 0.32 -5.38 3.48
1916-01-01 16.05 12.35 -0.92 3.48
1916-01-02 7.225 3.38 -6.37 3.73
1916-01-03 0.0 0.78 -9.96 4.25
1916-01-04 0.1 9.87 -6.12 3.91
1916-01-05 3.05 13.5 -2.81 3.31
1916-01-06 1.65 -4.26 -14.98 3.7
1916-01-07 0.0 0.29 -12.72 4.11
1916-01-08 0.0 4.69 -10.87 3.96
1916-01-09 0.0 5.43 -8.24 3.99
1916-01-10 1.825 7.72 -2.99 4.28
1916-01-11 1.975 3.31 -4.43 3.77
1916-01-12 37.775 6.42 -3.03 3.96
1916-01-13 8.625 -6.24 -17.27 3.93
1916-01-14 0.0 -7.96 -17.54 3.79
1916-01-15 -999 -1.89 -16.35 3.83
1916-01-16 0.0 -7.47 -16.8 3.78
1916-01-17 0.0 -10.08 -16.92 3.96
1916-01-18 0.0 -8.21 -17.07 3.95
1916-01-19 0.225 -5.1 -17.97 3.89
1916-01-20 7.525 7.2 -12.43 3.86
1916-01-21 6.25 15.82 0.26 4.15
1916-01-22 1.5 11.23 0.65 4.13
1916-01-23 0.0 10.52 -4.09 4.25
1916-01-24 0.0 12.01 -2.21 4.01
1916-01-25 0.0 13.9 0.89 4.11
1916-01-26 0.0 15.34 2.68 3.81
1916-01-27 3.275 17.31 6.7 4.25
1916-01-28 2.325 5.31 -5.04 3.7
1916-01-29 5.725 7.43 -3.58 3.93
1916-01-30 36.125 9.6 0.0 3.63
1916-01-31 39.075 4.77 -3.27 3.27
1916-02-01 0.0 -4.12 -13.49 3.98
1916-02-02 0.0 -6.81 -13.52 3.2
1916-02-03 0.0 -4.97 -14.07 3.77
1916-02-04 0.0 -0.06 -13.85 4.07
1916-02-05 0.0 0.73 -9.99 3.3
1916-02-06 13.6 -5.14 -10.38 3.2
1916-02-07 1.575 -7.93 -16.97 3.41
1916-02-08 0.0 -2.91 -15.85 3.36
1916-02-09 0.0 1.64 -9.58 3.38
1916-02-10 0.0 0.52 -13.17 4.15
1916-02-11 0.0 6.89 -7.3 3.86
1916-02-12 2.825 2.39 -3.58 3.78
1916-02-13 0.225 -5.9 -10.63 3.98
1916-02-14 0.0 -1.83 -15.59 3.6
1916-02-15 0.0 3.48 -11.93 4.01
1916-02-16 0.0 8.8 -6.65 4.01
1916-02-17 0.0 10.04 -3.4 3.45
1916-02-18 0.075 4.67 -2.25 3.58
1916-02-19 0.0 5.87 -9.49 3.83
1916-02-20 0.0 5.38 -3.04 3.71
1916-02-21 0.0 5.67 -6.01 3.84
1916-02-22 0.0 16.34 -3.49 3.91
1916-02-23 3.875 8.72 0.77 3.59
1916-02-24 0.0 7.62 -3.71 3.78
1916-02-25 0.0 2.97 -3.64 3.79
1916-02-26 1.125 -0.14 -4.58 3.75
1916-02-27 0.0 -1.99 -10.69 3.66
1916-02-28 0.0 -0.51 -10.41 3.35
1916-02-29 0.0 2.2 -8.12 3.35
1916-03-01 2.9 1.58 -6.63 3.85
1916-03-02 4.675 -0.13 -7.31 3.81
1916-03-03 0.0 -1.6 -12.31 3.71
1916-03-04 0.0 1.22 -15.86 3.95
1916-03-05 0.0 3.58 -10.77 3.9
1916-03-06 6.325 18.98 -3.67 3.75
1916-03-07 0.05 14.08 -1.34 3.79
1916-03-08 0.175 5.86 -9.19 3.72
1916-03-09 0.0 8.1 -8.96 3.72
1916-03-10 0.0 4.74 -7.03 3.39
1916-03-11 0.0 6.7 -7.94 3.7
1916-03-12 0.0 15.74 -4.32 3.55
1916-03-13 0.0 17.63 1.38 3.53
1916-03-14 1.725 9.42 -2.61 3.72
1916-03-15 3.625 -0.13 -10.71 3.56
1916-03-16 0.0 -1.78 -12.8 3.28
1916-03-17 0.0 2.01 -8.53 3.29
1916-03-18 0.0 9.16 -5.27 3.21
1916-03-19 0.0 6.85 -3.7 3.53
1916-03-20 0.0 6.4 -2.39 3.5
1916-03-21 0.0 7.58 -5.6 3.96
1916-03-22 2.725 9.93 -1.19 3.73
1916-03-23 0.85 8.68 -3.26 3.27
1916-03-24 0.0 24.42 -0.15 3.6
1916-03-25 0.85 23.14 8.72 3.39
1916-03-26 5.95 16.84 10.66 3.5
1916-03-27 9.325 9.12 2.83 3.32
1916-03-28 3.0 5.24 -0.38 3.4
1916-03-29 0.15 14.41 1.78 3.43
1916-03-30 0.0 19.86 0.19 3.16
1916-03-31 0.0 18.97 2.73 3.27
1916-04-01 4.175 13.53 2.17 3.68
1916-04-02 0.0 12.41 1.9 3.78
1916-04-03 0.0 15.16 -0.38 3.78
1916-04-04 0.0 15.33 1.0 3.99
1916-04-05 0.0 12.45 -1.64 3.59
1916-04-06 0.0 8.5 -3.85 3.79
1916-04-07 0.0 6.39 -4.7 3.1
1916-04-08 0.0 4.03 -2.25 3.39
1916-04-09 0.85 7.45 -4.07 3.43
1916-04-10 0.0 13.48 -4.11 2.91
1916-04-11 0.0 22.25 2.65 3.25
1916-04-12 0.15 26.13 6.38 3.75
1916-04-13 2.05 23.04 13.51 3.41
1916-04-14 7.15 15.26 6.82 3.14
1916-04-15 0.0 16.68 -0.58 3.21
1916-04-16 5.15 19.24 3.84 3.39
1916-04-17 0.0 17.5 5.95 3.25
1916-04-18 0.05 17.64 2.88 3.0
1916-04-19 0.95 25.35 7.47 3.07
1916-04-20 1.5 24.66 10.91 3.09
1916-04-21 1.525 13.71 7.43 3.02
1916-04-22 1.425 6.03 -0.56 3.11
1916-04-23 0.0 13.99 2.26 2.79
1916-04-24 3.1 13.76 -1.45 3.32
1916-04-25 1.275 17.07 -999 3.2
1916-04-26 20.525 10.52 1.5 2.78
1916-04-27 1.95 14.31 2.04 3.0
1916-04-28 0.0 19.26 0.45 3.2
1916-04-29 0.0 22.08 3.16 2.93
1916-04-30 0.0 21.93 8.22 2.84
1916-05-01 2.4 20.13 8.21 3.0
1916-05-02 2.55 11.65 0.33 2.84
1916-05-03 16.775 13.2 1.81 2.52
1916-05-04 0.0 17.64 5.34 2.47
1916-05-05 0.65 20.9 8.16 2.71
1916-05-06 1.625 27.44 7.8 2.82
1916-05-07 9.325 29.01 14.06 2.73
1916-05-08 2.65 15.03 26.1 2.9
1916-05-09 0.0 23.53 6.53 3.04
1916-05-10 0.0 29.57 12.52 2.9
1916-05-11 0.0 23.86 7.68 2.88
1916-05-12 3.375 18.54 5.87 2.73
1916-05-13 3.2 18.11 7.24 2.52
1916-05-14 21.025 25.04 8.86 2.56
1916-05-15 36.975 23.68 12.29 2.32
1916-05-16 0.5 18.56 10.16 2.46
1916-05-17 0.7 17.56 4.97 2.43
1916-05-18 0.0 16.47 2.74 2.57
1916-05-19 0.0 20.27 2.46 2.5
1916-05-20 1.85 17.92 4.77 2.25
1916-05-21 0.15 18.02 8.22 2.18
1916-05-22 5.8 25.36 11.9 2.5
1916-05-23 0.075 27.83 11.85 2.49
1916-05-24 0.0 28.58 12.07 2.3
1916-05-25 0.0 33.08 15.64 2.43
1916-05-26 0.0 32.82 17.55 2.45
1916-05-27 23.375 28.72 17.41 2.36
1916-05-28 2.275 26.58 15.72 2.24
1916-05-29 7.925 24.6 16.23 2.27
1916-05-30 1.8 23.87 11.28 2.35
1916-05-31 0.0 23.95 5.88 2.51
1916-06-01 0.0 26.9 12.86 2.48
1916-06-02 2.85 28.37 15.81 2.38
1916-06-03 0.0 25.4 12.39 2.24
1916-06-04 0.0 27.99 8.98 2.15
1916-06-05 0.0 25.75 7.87 2.13
1916-06-06 20.75 22.48 10.72 2.21
1916-06-07 27.325 18.71 10.34 2.14
1916-06-08 3.925 17.53 10.1 2.28
1916-06-09 6.7 18.88 10.17 2.48
1916-06-10 5.075 22.55 9.82 2.24
1916-06-11 0.0 24.28 7.25 2.13
1916-06-12 0.0 27.06 9.55 2.21
1916-06-13 0.0 28.47 8.8 2.23
1916-06-14 8.75 27.58 14.13 2.17
1916-06-15 12.775 26.13 12.17 2.22
1916-06-16 3.15 23.29 11.37 2.14
1916-06-17 0.575 24.0 10.94 2.0
1916-06-18 7.35 23.7 9.9 1.95
1916-06-19 5.025 23.15 11.28 1.95
1916-06-20 4.05 22.81 9.41 1.88
1916-06-21 12.075 23.01 11.0 2.05
1916-06-22 2.35 23.62 10.16 2.01
1916-06-23 1.3 28.99 13.03 1.87
1916-06-24 0.05 31.21 17.14 2.08
1916-06-25 0.0 27.75 10.85 1.88
1916-06-26 7.4 30.11 12.76 1.94
1916-06-27 15.85 27.87 14.96 2.13
1916-06-28 0.0 28.45 12.66 1.97
1916-06-29 0.0 31.73 13.19 1.96
1916-06-30 2.675 32.36 14.45 2.01
1916-07-01 0.65 24.62 11.51 1.87
1916-07-02 1.25 26.67 12.3 1.96
1916-07-03 0.0 24.66 12.24 2.04
1916-07-04 0.0 30.36 13.13 2.15
1916-07-05 0.0 31.96 13.57 2.01
1916-07-06 0.0 31.96 13.57 1.76
1916-07-07 0.0 33.64 12.79 1.98
1916-07-08 0.0 34.06 14.2 1.95
1916-07-09 0.0 30.99 16.31 2.07
1916-07-10 0.0 31.41 14.93 1.85
1916-07-11 0.0 34.47 16.94 1.96
1916-07-12 7.95 33.89 20.29 1.9
1916-07-13 10.375 34.5 19.04 1.92
1916-07-14 23.325 33.77 18.55 2.03
1916-07-15 3.575 35.03 19.45 1.87
1916-07-16 0.9 36.69 19.73 1.73
1916-07-17 0.8 35.43 19.67 1.62
1916-07-18 0.0 34.4 20.91 1.79
1916-07-19 0.075 35.69 21.13 1.87
1916-07-20 0.0 34.82 20.69 1.89
1916-07-21 7.175 32.8 19.02 1.76
1916-07-22 0.0 34.68 14.81 1.76
1916-07-23 0.0 34.96 18.49 1.76
1916-07-24 0.0 36.55 18.63 1.75
1916-07-25 0.0 37.19 17.93 1.59
1916-07-26 0.0 37.66 18.08 1.61
1916-07-27 0.0 39.07 20.11 1.72
1916-07-28 0.0 39.76 21.4 1.77
1916-07-29 0.0 39.18 22.39 1.96
1916-07-30 0.0 38.26 22.61 1.67
1916-07-31 1.9 38.15 23.9 1.79
1916-08-01 5.825 21.61 12.73 1.5
1916-08-02 0.0 24.43 9.94 1.62
1916-08-03 0.0 26.37 11.07 1.74
1916-08-04 11.725 25.97 12.65 1.84
1916-08-05 0.0 25.97 14.48 1.76
1916-08-06 0.0 26.11 14.7 1.85
1916-08-07 0.0 25.75 15.11 1.77
1916-08-08 10.05 23.0 13.96 1.79
1916-08-09 8.35 22.75 9.12 1.84
1916-08-10 9.8 24.29 12.0 1.8
1916-08-11 22.55 22.42 11.95 1.77
1916-08-12 0.4 22.46 10.93 1.71
1916-08-13 0.45 19.72 10.19 1.64
1916-08-14 0.0 20.42 3.29 1.57
1916-08-15 0.25 19.0 6.75 1.66
1916-08-16 0.0 22.82 10.59 1.72
1916-08-17 0.0 24.76 9.34 1.87
1916-08-18 0.0 26.2 12.13 1.77
1916-08-19 0.0 27.15 14.34 1.74
1916-08-20 0.0 27.59 13.75 2.01
1916-08-21 0.0 27.88 13.23 1.9
1916-08-22 0.175 22.75 13.23 1.78
1916-08-23 0.0 28.9 13.08 1.92
1916-08-24 0.0 32.4 13.29 1.83
1916-08-25 0.0 32.29 15.52 1.7
1916-08-26 0.0 -999 -999 1.69
1916-08-27 2.025 27.0 13.94 1.75
1916-08-28 0.0 27.4 9.72 1.75
1916-08-29 0.0 29.28 8.03 1.65
1916-08-30 0.0 32.43 10.29 1.87
1916-08-31 0.0 32.63 12.8 1.98
1916-09-01 0.425 27.21 15.0 1.87
1916-09-02 0.0 28.3 15.47 1.77
1916-09-03 0.0 29.73 7.87 1.96
1916-09-04 0.0 32.22 11.44 1.86
1916-09-05 5.2 33.96 16.32 1.87
1916-09-06 17.25 33.99 17.46 1.86
1916-09-07 0.6 35.36 18.82 1.83
1916-09-08 3.65 26.83 14.34 1.86
1916-09-09 0.0 27.88 10.4 1.86
1916-09-10 0.0 27.97 10.39 1.94
1916-09-11 0.0 32.27 15.99 2.1
1916-09-12 0.0 32.06 16.76 2.21
1916-09-13 0.0 26.19 13.46 2.13
1916-09-14 0.0 25.8 13.5 1.99
1916-09-15 0.0 20.73 4.55 2.03
1916-09-16 0.0 21.8 -1.89 1.9
1916-09-17 0.0 21.36 4.5 2.11
1916-09-18 0.0 19.29 1.62 2.13
1916-09-19 0.0 24.25 2.3 2.18
1916-09-20 0.0 26.55 2.06 2.11
1916-09-21 0.025 26.63 8.17 2.26
1916-09-22 0.0 20.77 6.42 2.45
1916-09-23 0.0 22.77 4.07 2.36
1916-09-24 0.0 25.84 1.19 2.31
1916-09-25 0.0 30.25 0.23 2.16
1916-09-26 0.0 32.8 8.47 2.28
1916-09-27 3.775 28.78 16.13 2.27
1916-09-28 22.45 22.24 12.84 2.25
1916-09-29 2.725 14.65 5.53 2.22
1916-09-30 0.0 17.76 -2.7 2.32
1916-10-01 0.0 20.83 -0.42 2.39
1916-10-02 0.0 25.17 2.16 2.46
1916-10-03 0.0 27.91 3.0 2.5
1916-10-04 0.0 30.39 4.08 2.47
1916-10-05 0.0 31.47 8.21 2.48
1916-10-06 0.0 30.13 8.19 2.64
1916-10-07 0.0 31.72 11.2 2.7
1916-10-08 0.85 32.23 10.88 2.00
1916-10-09 1.975 27.18 8.54 2.00
1916-10-10 0.0 15.79 -2.06 2.00
1916-10-11 0.0 18.63 -4.34 2.00
1916-10-12 1.8 19.55 2.37 2.00
1916-10-13 3.95 18.49 5.5 2.00
1916-10-14 0.0 18.99 -6.1 2.00
1916-10-15 0.675 17.24 3.78 2.00
1916-10-16 1.175 18.6 8.73 2.00
1916-10-17 0.0 17.57 -0.02 2.00
1916-10-18 2.15 13.74 -0.07 2.00
1916-10-19 13.575 14.33 5.26 2.00
1916-10-20 16.375 14.38 0.21 2.00
1916-10-21 1.75 7.99 -2.27 2.00
1916-10-22 0.0 15.55 -2.6 2.73
1916-10-23 0.0 16.85 -2.01 3.05
1916-10-24 0.925 19.59 3.14 3.0
1916-10-25 0.45 16.83 5.55 2.86
1916-10-26 0.0 13.11 -1.25 2.57
1916-10-27 0.0 18.58 4.41 2.65
1916-10-28 0.0 19.89 -0.3 2.92
1916-10-29 0.0 22.08 3.59 2.74
1916-10-30 0.0 21.11 3.68 2.81
1916-10-31 0.0 16.5 7.3 3.11
1916-11-01 0.0 17.31 -3.89 3.09
1916-11-02 0.0 18.14 -2.71 3.26
1916-11-03 0.4 16.51 -4.79 3.11
1916-11-04 1.15 21.1 4.4 3.22
1916-11-05 0.0 21.11 -0.75 3.35
1916-11-06 0.0 22.59 5.7 3.11
1916-11-07 0.0 23.43 10.01 2.78
1916-11-08 0.0 23.54 11.44 3.08
1916-11-09 19.025 19.85 5.14 3.42
1916-11-10 0.3 15.05 2.35 3.73
1916-11-11 0.0 13.73 -0.64 3.08
1916-11-12 0.0 14.52 -2.01 3.2
1916-11-13 0.65 12.4 -0.5 3.34
1916-11-14 0.0 1.8 -10.96 3.34
1916-11-15 0.0 -0.43 -13.74 3.76
1916-11-16 0.0 3.84 -11.27 3.74
1916-11-17 0.0 3.91 -6.21 3.31
1916-11-18 0.0 5.59 -8.96 3.22
1916-11-19 0.0 13.22 -3.21 3.38
1916-11-20 0.0 16.68 -3.93 3.93
1916-11-21 0.0 10.72 -2.53 3.6
1916-11-22 6.4 9.86 -0.28 3.23
1916-11-23 25.775 10.93 2.65 3.48
1916-11-24 0.0 6.73 -5.42 2.99
1916-11-25 0.0 -0.1 -11.21 3.47
1916-11-26 0.0 9.18 -2.9 4.01
1916-11-27 0.0 12.64 2.22 4.05
1916-11-28 2.8 11.82 6.12 3.97
1916-11-29 0.475 12.31 3.94 3.73
1916-11-30 0.0 8.92 -5.76 3.67
1916-12-01 0.0 11.64 -2.46 3.7
1916-12-02 0.0 12.3 -7.97 3.73
1916-12-03 4.3 15.8 1.27 3.85
1916-12-04 11.65 15.6 7.83 3.8
1916-12-05 6.8 14.92 3.32 3.78
1916-12-06 0.0 12.62 -5.15 4.05
1916-12-07 0.0 17.54 2.76 3.68
1916-12-08 12.225 16.86 1.4 3.41
1916-12-09 5.075 4.98 -7.81 3.35
1916-12-10 0.0 2.08 -11.1 3.39
1916-12-11 1.7 2.65 -3.4 3.7
1916-12-12 2.675 -0.26 -7.22 3.49
1916-12-13 0.775 -5.36 -13.21 3.5
1916-12-14 0.0 -8.38 -18.2 3.59
1916-12-15 0.0 -9.15 -15.93 3.92
1916-12-16 0.0 -1.15 -17.48 3.7
1916-12-17 0.0 30.81 -13.61 3.48
1916-12-18 0.0 -5.69 -14.38 3.54
1916-12-19 5.925 -3.54 -17.03 3.72
1916-12-20 3.8 -2.68 -9.91 3.68
1916-12-21 0.65 -7.01 -12.23 3.82
1916-12-22 0.475 -6.76 -13.55 3.9
1916-12-23 0.0 -2.36 -14.7 4.26
1916-12-24 1.3 2.79 -9.63 3.96
1916-12-25 0.0 1.33 -12.0 3.55
1916-12-26 10.6 4.9 -4.23 3.5
1916-12-27 11.85 9.92 0.21 3.55
1916-12-28 -999 2.95 -11.63 3.29
1916-12-29 0.0 -1.74 -13.17 3.5
1916-12-30 0.0 -0.57 -13.4 3.44
1916-12-31 0.0 2.6 -12.67 3.48
